run,trial,ytrue,ypred
0,0,-0.29,0.0
0,1,0.31,-0.29
0,2,-0.39,-0.4584068163375709
0,3,0.72,0.1783860378718098
0,4,-0.27,-0.4337134574568955
1,0,0.17,0.0
1,1,-0.31,0.17
1,2,-0.24,0.05260571428571448
1,3,0.06,0.7673093545692815
1,4,0.1,-0.1064359235847615
2,0,-0.68,0.0
2,1,-0.31,-0.68
2,2,-0.94,-0.7441538682359694
2,3,-0.28,-0.6141769099318398
2,4,-0.13,-1.2498869489955382
3,0,-0.56,0.0
3,1,-0.31,-0.56
3,2,-0.61,-0.41658307210031353
3,3,-0.16,-0.5783444140489402
3,4,-0.39,-0.28379719822834215
4,0,-0.42,0.0
4,1,0.44,-0.42
4,2,0.74,-0.07078445676490613
4,3,-0.57,-0.39785353340851726
4,4,0.33,0.07831043442014474
5,0,-0.05,0.0
5,1,-0.18,-0.05
5,2,0.94,-0.13179775280898876
5,3,-0.08,0.7931174962327028
5,4,-0.31,1.325608247348629
6,0,-0.46,0.0
6,1,0.4,-0.46
6,2,0.21,0.012571902654867295
6,3,0.03,0.45153565719680966
6,4,-0.32,-0.2274760048745036
7,0,-0.39,0.0
7,1,-0.16,-0.39
7,2,-0.74,-0.4014064549986881
7,3,-0.08,-0.44959470604606316
7,4,0.05,0.19245181945117124
8,0,0.82,0.0
8,1,-0.11,0.82
8,2,-0.0,0.6043764110282547
8,3,-0.24,-0.6314601706715054
8,4,0.65,0.5985704453466483
9,0,-0.28,0.0
9,1,-0.6,-0.28
9,2,-0.06,-0.2177468557666578
9,3,0.15,-0.11764453088700155
9,4,0.46,-0.08405408935130532
10,0,0.28,0.0
10,1,-0.51,0.28
10,2,-0.31,-0.17940817039106127
10,3,-0.73,0.48331940055051503
10,4,-0.44,-1.991089103317493
11,0,-0.36,0.0
11,1,0.44,-0.36
11,2,-0.75,-0.3496195515243133
11,3,0.21,-0.21469293154909064
11,4,-0.39,-0.4319901129159941
12,0,-0.23,0.0
12,1,-0.03,-0.23
12,2,-0.46,-0.12069252434907872
12,3,-0.33,0.2730380199338907
12,4,-0.39,-0.7626632816146026
13,0,-0.11,0.0
13,1,0.4,-0.11
13,2,0.42,-0.015424460431654533
13,3,-0.31,0.47736591313862564
13,4,-0.56,-0.5874481490659552
14,0,-0.61,0.0
14,1,-0.02,-0.61
14,2,-0.23,-0.5425013850415512
14,3,0.23,0.10470449649874694
14,4,0.57,-0.7045355326243069
15,0,0.16,0.0
15,1,-0.21,0.16
15,2,0.13,-0.08988405797101451
15,3,-0.44,-0.12364067768453674
15,4,-0.22,-0.15124277431101618
16,0,-0.07,0.0
16,1,-0.56,-0.07
16,2,-0.64,-0.6793978675207746
16,3,-0.09,-0.2144453260797541
16,4,-0.47,-0.72807424793798
17,0,0.27,0.0
17,1,-0.72,0.27
17,2,0.03,-0.6029441521651153
17,3,-0.24,0.10172422707226347
17,4,0.24,0.11792963770833809
18,0,-0.62,0.0
18,1,0.05,-0.62
18,2,-0.15,-1.1130813594232751
18,3,-0.23,-0.6117048805717126
18,4,-0.15,0.7926482177153708
19,0,-0.35,0.0
19,1,-0.34,-0.35
19,2,0.33,-0.34695945740442224
19,3,-0.32,-0.36115464280570664
19,4,-0.19,0.08282025391128962
20,0,-0.46,0.0
20,1,0.21,-0.46
20,2,-0.1,-0.3442312925170068
20,3,0.42,-0.06504517574256355
20,4,0.24,-0.23017835877514115
21,0,-0.44,0.0
21,1,-0.2,-0.44
21,2,-0.73,-0.3175173970283995
21,3,0.73,0.8879766138135056
21,4,0.07,0.5752145486717398
22,0,-0.83,0.0
22,1,-0.36,-0.83
22,2,-0.22,-0.3599999999999999
22,3,0.23,0.692065437566519
22,4,-0.41,-1.3129650346570374
23,0,-0.09,0.0
23,1,-0.16,-0.09
23,2,-0.34,-0.18030666931321954
23,3,-0.73,-0.24938995270887387
23,4,-0.33,-1.1808785101988015
24,0,0.72,0.0
24,1,-0.5,0.72
24,2,-0.18,0.7199999999999999
24,3,-0.05,0.7875430038510922
24,4,-0.3,-2.0304165264943554
25,0,-0.43,0.0
25,1,-0.52,-0.43
25,2,-0.48,-0.3990534840560148
25,3,-0.9,-0.36489200236634595
25,4,-0.24,-0.5651928789404231
26,0,0.94,0.0
26,1,-0.4,0.94
26,2,-0.42,0.34099551138185324
26,3,0.23,0.0662942141029057
26,4,-0.18,-0.40040139589496415
27,0,-0.45,0.0
27,1,-0.3,-0.45
27,2,-0.22,-0.45713715471818617
27,3,0.11,-0.023571573562169573
27,4,-0.18,-0.5041766627415989
28,0,-0.51,0.0
28,1,-0.52,-0.51
28,2,-0.46,-0.5137641580669519
28,3,-0.42,-0.47078081095578483
28,4,0.15,-0.4340860115404985
29,0,-0.05,0.0
29,1,-0.22,-0.05
29,2,-0.69,-0.21082895656432946
29,3,-0.77,-0.7053080318181502
29,4,0.37,0.66319268806062
30,0,-0.07,0.0
30,1,-0.06,-0.07
30,2,-0.18,-0.05849127581238995
30,3,0.44,-0.19429678193930372
30,4,-0.23,-0.15075048015778725
31,0,-0.45,0.0
31,1,-0.31,-0.45
31,2,0.21,-0.49394091977173543
31,3,-0.07,-0.025640096413434385
31,4,0.13,-0.695856688967066
32,0,-0.49,0.0
32,1,-0.77,-0.49
32,2,-0.01,-0.4855211558307536
32,3,-0.65,-0.4933044081535034
32,4,0.33,-0.21421133991104924
33,0,-0.14,0.0
33,1,-0.08,-0.14
33,2,-0.47,-0.07080159016985904
33,3,-0.06,-0.12009570019493693
33,4,-0.21,-0.37087360941798975
34,0,-0.8,0.0
34,1,0.47,-0.8
34,2,-0.26,-0.15480894153611024
34,3,-0.11,-0.299814648789514
34,4,0.25,1.4882438166512317
35,0,-0.04,0.0
35,1,-0.23,-0.04
35,2,-0.61,-0.12688369800159266
35,3,-0.54,-0.25396136770233396
35,4,-0.2,-0.44592544027655445
36,0,-0.04,0.0
36,1,0.06,-0.04
36,2,-0.89,-0.026631027711106287
36,3,-0.65,-0.37083739201959864
36,4,-0.47,-0.5561269113497586
37,0,0.42,0.0
37,1,-0.81,0.42
37,2,0.84,0.14574937915296332
37,3,-0.13,0.8056555599530331
37,4,-0.57,-0.3976032195659541
38,0,-0.15,0.0
38,1,-0.27,-0.15
38,2,-0.28,-0.2574252388633826
38,3,-0.31,-0.28601588675700274
38,4,-0.68,-0.3117179726850072
39,0,-0.11,0.0
39,1,0.12,-0.11
39,2,-0.61,-0.02213370957238986
39,3,0.21,-0.5308505910627588
39,4,-0.67,-0.762264502774178
40,0,0.04,0.0
40,1,0.4,0.04
40,2,0.05,0.3253248279335235
40,3,-0.02,0.3793704727600188
40,4,0.32,0.5070156719375746
41,0,0.21,0.0
41,1,-0.79,0.21
41,2,0.05,-0.5344013401516486
41,3,0.13,-0.4928964334370529
41,4,0.8,-0.11399537699382423
42,0,-0.41,0.0
42,1,-0.69,-0.41
42,2,-0.42,-0.9009371792492031
42,3,-0.43,-0.46134021257491925
42,4,0.05,-0.43
43,0,-0.37,0.0
43,1,-0.23,-0.37
43,2,-0.68,-0.35549720546732333
43,3,0.67,-0.7439663352978588
43,4,0.35,-0.3751357321574522
44,0,-0.69,0.0
44,1,-0.63,-0.69
44,2,0.68,-0.5736357775987108
44,3,-0.72,-0.4114209868792692
44,4,-0.37,-0.645169533084965
45,0,0.31,0.0
45,1,-0.61,0.31
45,2,-0.14,-0.4795735565774476
45,3,0.92,-0.07963458793401146
45,4,-0.76,-0.41996862228578835
46,0,-0.04,0.0
46,1,-0.46,-0.04
46,2,-0.83,-0.042836968824821686
46,3,-0.61,-0.04663666879071404
46,4,-0.58,-0.7829290564143306
47,0,-0.74,0.0
47,1,0.46,-0.74
47,2,0.63,-0.08030946977511852
47,3,-0.38,-0.4724710375511123
47,4,-0.63,-0.567379130985227
48,0,-0.07,0.0
48,1,-0.32,-0.07
48,2,-0.42,-0.15187529204091166
48,3,-0.49,-0.28608804335689203
48,4,0.48,-0.05701112671192102
49,0,-0.32,0.0
49,1,-0.03,-0.32
49,2,-0.76,-0.34606340412434594
49,3,-0.19,0.27251641134832183
49,4,0.11,0.0984211126251393
50,0,-0.18,0.0
50,1,0.17,-0.18
50,2,-0.16,0.22216629913088598
50,3,-0.54,0.18857416560849707
50,4,-0.46,-0.23864626898333763
51,0,0.36,0.0
51,1,0.03,0.36
51,2,-0.32,0.1223622047244094
51,3,-0.85,0.21770163015154825
51,4,-0.8,-0.1390465189022545
52,0,-0.24,0.0
52,1,-0.72,-0.24
52,2,-0.21,-0.4860932549659316
52,3,0.49,-0.13747616285045106
52,4,-0.61,0.632534150585552
53,0,0.33,0.0
53,1,-0.36,0.33
53,2,-0.45,-0.25031107920555157
53,3,-0.05,0.49730555041015373
53,4,-0.24,-0.4922133461802989
54,0,-0.25,0.0
54,1,-0.02,-0.25
54,2,-0.39,0.25474164133738597
54,3,0.08,0.5433309608676591
54,4,-0.26,-0.03601370364505563
55,0,0.43,0.0
55,1,-0.3,0.43
55,2,-0.05,0.3005636187711661
55,3,0.04,-0.6805507774204426
55,4,-0.15,-0.5015650878079598
56,0,-0.56,0.0
56,1,0.13,-0.56
56,2,-0.07,-0.4431252037821976
56,3,-0.79,-0.7155022536677166
56,4,0.34,-0.34761197882298966
57,0,-0.43,0.0
57,1,-0.57,-0.43
57,2,-0.8,-0.8168421052631577
57,3,0.11,0.00365292313331822
57,4,-0.11,-0.21434980041094057
58,0,-0.24,0.0
58,1,0.43,-0.24
58,2,-0.41,0.18009200337345704
58,3,-0.4,-0.2079315448875375
58,4,-0.44,-0.256839294778778
59,0,-0.02,0.0
59,1,-0.76,-0.02
59,2,-0.12,-0.6699091232167336
59,3,-0.61,-1.0250927731977142
59,4,0.19,-0.2236459600830868
60,0,-0.07,0.0
60,1,0.02,-0.07
60,2,0.46,-0.05885551330798479
60,3,-0.98,-0.2847074797881558
60,4,0.32,-0.19167742555062262
61,0,-0.28,0.0
61,1,-0.15,-0.28
61,2,-0.5,-0.25670977677643225
61,3,-0.73,-0.4190012920538836
61,4,0.24,0.4792543750963325
62,0,-0.06,0.0
62,1,-0.45,-0.06
62,2,0.16,-0.04918181818181818
62,3,0.18,-0.24332459037583481
62,4,0.72,0.2399618385244064
63,0,0.6,0.0
63,1,-0.41,0.6
63,2,0.21,-0.32083707843213904
63,3,-0.75,-0.16522528759632804
63,4,-0.32,0.4190796705912647
64,0,0.12,0.0
64,1,0.44,0.12
64,2,0.11,0.13248681283702213
64,3,-0.04,0.31006774860646513
64,4,-0.27,0.02370900424400435
65,0,-0.28,0.0
65,1,-0.68,-0.28
65,2,0.72,-0.5521867906172306
65,3,0.05,0.011220009296672218
65,4,-0.3,0.04759871184106568
66,0,-0.54,0.0
66,1,-0.57,-0.54
66,2,-0.41,-0.5457363485934914
66,3,0.63,-0.5350845680024211
66,4,-0.37,0.9421835402422296
67,0,-0.48,0.0
67,1,0.65,-0.48
67,2,0.52,1.4578370242958507
67,3,-0.67,0.004872965475650748
67,4,0.44,2.968268434946202
68,0,-0.0,0.0
68,1,-0.26,0.0
68,2,0.19,-0.31065693430656943
68,3,0.76,0.47739250785556236
68,4,-0.23,0.6007987964644261
69,0,-0.39,0.0
69,1,0.98,-0.39
69,2,-0.83,-0.5906535375638221
69,3,0.25,0.29029555428938253
69,4,-0.2,0.7788742103799188
70,0,0.04,0.0
70,1,-0.81,0.04
70,2,0.79,0.187953283465651
70,3,-0.44,-0.7853343015905805
70,4,-0.9,-0.8326737068509693
71,0,-0.47,0.0
71,1,-0.9,-0.47
71,2,0.32,-0.6285955806021061
71,3,-0.72,-0.05810650575761101
71,4,0.87,-1.4873787753345962
72,0,-0.29,0.0
72,1,0.12,-0.29
72,2,-0.02,-0.1940025893835275
72,3,-0.13,0.1564517233974247
72,4,-0.32,0.30889994748351646
73,0,-0.54,0.0
73,1,0.35,-0.54
73,2,-0.51,-0.533758797916453
73,3,0.23,-0.9709045198373593
73,4,-0.3,-0.7289733773319682
74,0,-0.23,0.0
74,1,-0.61,-0.23
74,2,0.03,-0.25444312090530075
74,3,-0.18,-0.4962002718872862
74,4,0.94,0.05070144051233641
75,0,-0.6,0.0
75,1,-0.32,-0.6
75,2,-0.63,-0.5509842587787579
75,3,-0.12,-0.48870348990806695
75,4,0.26,-0.08634443480564474
76,0,-0.07,0.0
76,1,-0.47,-0.07
76,2,-0.36,0.006635514018691668
76,3,-0.82,-0.3681236074931494
76,4,-1.0,-0.49637393499669
77,0,-0.16,0.0
77,1,0.61,-0.16
77,2,-0.15,0.09235499207606979
77,3,-0.87,0.05074240707673883
77,4,0.92,1.0038338931481765
78,0,-0.24,0.0
78,1,-0.78,-0.24
78,2,-0.42,-0.4641664429530202
78,3,-0.7,-0.771618005913897
78,4,-0.37,-0.3318107075915125
79,0,-0.73,0.0
79,1,-0.55,-0.73
79,2,-0.58,-0.6518064960403995
79,3,-0.08,-0.7201975379909702
79,4,0.28,0.3456626816295758
80,0,-0.39,0.0
80,1,-0.1,-0.39
80,2,-0.48,-0.12105475127898112
80,3,-0.31,-0.5016592636810648
80,4,-0.26,0.08982001461382028
81,0,-0.67,0.0
81,1,-0.03,-0.67
81,2,-0.16,-0.28387076135636596
81,3,-0.26,0.1821224163838167
81,4,-0.68,-0.15580652175876486
82,0,-0.22,0.0
82,1,-0.66,-0.22
82,2,0.15,-0.47886435331230287
82,3,-0.66,-0.39109623250778525
82,4,-0.33,-0.795017576396147
83,0,-0.13,0.0
83,1,0.14,-0.13
83,2,0.35,0.12404701397712829
83,3,0.61,0.1435366544314235
83,4,-0.13,0.2850730526522944
84,0,0.04,0.0
84,1,-0.72,0.04
84,2,-0.51,-0.3905077887922316
84,3,-0.08,-0.21976725975304362
84,4,-0.86,-0.5871884899986377
85,0,-0.1,0.0
85,1,0.28,-0.1
85,2,-0.26,-0.4334384879392686
85,3,-0.25,0.003328592755933349
85,4,-0.39,0.405566036798494
86,0,-0.21,0.0
86,1,-0.45,-0.21
86,2,0.63,-0.32697611982478453
86,3,0.35,0.06361111735458663
86,4,0.2,1.071175578326573
87,0,-0.62,0.0
87,1,-0.69,-0.62
87,2,0.17,-0.6671736570305954
87,3,0.19,-0.4673829657632186
87,4,-0.69,-1.2514264367228616
88,0,0.17,0.0
88,1,-0.42,0.17
88,2,-0.04,-0.21401467842657565
88,3,0.03,-0.12933481018566584
88,4,0.44,0.5090340944411083
89,0,-0.37,0.0
89,1,0.43,-0.37
89,2,-0.43,0.4690081860244397
89,3,-0.02,1.4350058023683618
89,4,-0.51,1.7473642233964504
90,0,-0.43,0.0
90,1,-0.39,-0.43
90,2,0.09,-0.4269345189975748
90,3,-0.3,-0.8969737552248772
90,4,0.87,0.020900633560909133
91,0,-0.28,0.0
91,1,0.44,-0.28
91,2,-0.12,0.18756111009005694
91,3,0.56,0.7751738150168694
91,4,-0.22,-0.13838700877584942
92,0,0.44,0.0
92,1,-0.58,0.44
92,2,-0.74,-0.4718869018849684
92,3,-0.64,-0.7331538356873969
92,4,0.61,-0.10357704124984615
93,0,-0.69,0.0
93,1,-0.82,-0.69
93,2,-0.2,-0.6092929782082324
93,3,0.67,0.7748200055389864
93,4,-0.43,-0.4202007150607296
94,0,0.19,0.0
94,1,-0.32,0.19
94,2,-0.45,0.2423845054770598
94,3,-0.23,-0.20125687266196046
94,4,-0.23,0.09514298538395483
95,0,-0.51,0.0
95,1,0.06,-0.51
95,2,0.31,-0.17872635561160147
95,3,0.8,-0.41285874934882505
95,4,-0.73,0.31085069134161936
96,0,-0.46,0.0
96,1,-0.58,-0.46
96,2,0.61,-0.8789486561234765
96,3,0.4,0.10906240111355947
96,4,-0.14,-0.2146625009163441
97,0,-0.1,0.0
97,1,-0.05,-0.1
97,2,-0.7,-0.15625000000000006
97,3,0.34,-0.1287747524752475
97,4,-0.47,0.31789127193865396
98,0,0.47,0.0
98,1,-0.94,0.47
98,2,-0.45,-0.16143931163356662
98,3,-0.08,0.4141582896251129
98,4,0.16,0.2683315539911959
99,0,-0.09,0.0
99,1,-0.11,-0.09
99,2,0.57,-0.09309671272034302
99,3,0.21,0.4861010594045972
99,4,0.02,-0.26273012545421515
