run,trial,ytrue,ypred
0,0,-1.0,0.0
0,1,-1.0,-1.0
0,2,-0.98,-1.0
0,3,-1.0,-0.9979498860714081
0,4,-0.99,-1.0353638762957023
1,0,-1.0,0.0
1,1,-1.0,-1.0
1,2,-0.91,-1.0
1,3,-1.0,-0.9105011872984261
1,4,-1.0,-0.9774440679527607
2,0,-1.0,0.0
2,1,-0.93,-1.0
2,2,-1.0,-0.9356010091908453
2,3,-0.99,-0.814649304258955
2,4,-1.0,-1.074884448848143
3,0,-1.0,0.0
3,1,-1.0,-1.0
3,2,-1.0,-1.0
3,3,-0.99,-1.0
3,4,-1.0,-1.0049252335633159
4,0,-1.0,0.0
4,1,-0.99,-1.0
4,2,-1.0,-0.9942379310344828
4,3,-1.0,-0.9901450488742101
4,4,-1.0,-0.9854003235759738
5,0,-1.0,0.0
5,1,-1.0,-1.0
5,2,-1.0,-1.0
5,3,-0.99,-1.0
5,4,-1.0,-1.0053377654908855
6,0,-1.0,0.0
6,1,-1.0,-1.0
6,2,-0.99,-1.0
6,3,-1.0,-1.0108275148426729
6,4,-1.0,-0.9926145128379733
7,0,-1.0,0.0
7,1,-1.0,-1.0
7,2,-0.96,-1.0
7,3,-1.0,-1.035914258406868
7,4,-1.0,-0.9957706221684288
8,0,-0.95,0.0
8,1,-1.0,-0.95
8,2,-1.0,-1.0028105518058632
8,3,-0.96,-0.9996215171684487
8,4,-1.0,-0.9497856907144802
9,0,-1.0,0.0
9,1,-1.0,-1.0
9,2,-1.0,-1.0
9,3,-0.99,-1.0
9,4,-0.99,-1.0063826143261767
10,0,-0.99,0.0
10,1,-1.0,-0.99
10,2,-1.0,-0.9981729250149092
10,3,-0.99,-1.0002001500330409
10,4,-1.0,-0.9842317711956582
11,0,-1.0,0.0
11,1,-1.0,-1.0
11,2,-1.0,-1.0
11,3,-1.0,-1.0
11,4,-1.0,-1.0
12,0,-0.98,0.0
12,1,-1.0,-0.98
12,2,-1.0,-0.9902059213433495
12,3,-1.0,-0.9987965212941807
12,4,-1.0,-0.981889506339987
13,0,-1.0,0.0
13,1,-0.95,-1.0
13,2,-1.0,-0.9370465555949427
13,3,-1.0,-0.9491341924721054
13,4,-0.99,-1.0223642346013702
14,0,-1.0,0.0
14,1,-1.0,-1.0
14,2,-1.0,-1.0
14,3,-1.0,-1.0
14,4,-0.98,-1.0
15,0,-0.99,0.0
15,1,-0.99,-0.99
15,2,-1.0,-0.99
15,3,-1.0,-0.9979626196346078
15,4,-1.0,-0.9995497015997286
16,0,-1.0,0.0
16,1,-0.97,-1.0
16,2,-1.0,-0.9807506329113924
16,3,-1.0,-1.0094583474277319
16,4,-1.0,-0.9810338114743963
17,0,-1.0,0.0
17,1,-1.0,-1.0
17,2,-0.99,-1.0
17,3,-1.0,-0.9976767165728806
17,4,-0.39,-1.0002636262588653
18,0,-0.99,0.0
18,1,-0.96,-0.99
18,2,-1.0,-0.9636583621408987
18,3,-1.0,-1.0001797926060316
18,4,-1.0,-0.974409185193396
19,0,-1.0,0.0
19,1,-0.99,-1.0
19,2,-1.0,-0.9920802884027862
19,3,-1.0,-0.9984071636652972
19,4,-1.0,-0.997032163878244
20,0,-0.95,0.0
20,1,-0.99,-0.95
20,2,-1.0,-0.9898013234105048
20,3,-1.0,-0.9119740017396594
20,4,-1.0,-1.0271397479617734
21,0,-0.97,0.0
21,1,-1.0,-0.97
21,2,-1.0,-0.9718003663276399
21,3,-1.0,-0.9996602751351039
21,4,-0.99,-0.9893636989418749
22,0,-1.0,0.0
22,1,-1.0,-1.0
22,2,-1.0,-1.0
22,3,-0.99,-1.0
22,4,-1.0,-0.9978307344216967
23,0,-0.98,0.0
23,1,-1.0,-0.98
23,2,-1.0,-0.9803831377842384
23,3,-0.99,-1.015069834190564
23,4,-1.0,-0.9993033547926347
24,0,-1.0,0.0
24,1,-1.0,-1.0
24,2,-0.99,-1.0
24,3,-1.0,-0.9980396797039014
24,4,-1.0,-0.9965650129094771
25,0,-1.0,0.0
25,1,-0.98,-1.0
25,2,-1.0,-1.0000817468334757
25,3,-1.0,-0.9976178137769015
25,4,-0.99,-0.978050730467982
26,0,-1.0,0.0
26,1,-1.0,-1.0
26,2,-1.0,-1.0
26,3,-0.98,-1.0
26,4,-0.99,-0.9954971475654645
27,0,-1.0,0.0
27,1,-1.0,-1.0
27,2,-0.93,-1.0
27,3,-1.0,-0.9943539237448179
27,4,-1.0,-1.0021884027528254
28,0,-0.98,0.0
28,1,-1.0,-0.98
28,2,-1.0,-0.9792819126262072
28,3,-1.0,-1.0194525585770173
28,4,-0.99,-0.9910031968909752
29,0,-1.0,0.0
29,1,-1.0,-1.0
29,2,-0.99,-1.0
29,3,-1.0,-0.9410187320394137
29,4,-1.0,-0.9698886895674658
30,0,-1.0,0.0
30,1,-1.0,-1.0
30,2,-1.0,-1.0
30,3,-1.0,-1.0
30,4,-1.0,-1.0
31,0,-1.0,0.0
31,1,-1.0,-1.0
31,2,-0.99,-1.0
31,3,-0.99,-0.99569151758039
31,4,-1.0,-0.9960223449870309
32,0,-1.0,0.0
32,1,-1.0,-1.0
32,2,-1.0,-1.0
32,3,-0.93,-1.0
32,4,-0.93,-0.9533210133639276
33,0,-1.0,0.0
33,1,-1.0,-1.0
33,2,-1.0,-1.0
33,3,-1.0,-1.0
33,4,-1.0,-1.0
34,0,-1.0,0.0
34,1,-1.0,-1.0
34,2,-1.0,-1.0
34,3,-1.0,-1.0
34,4,-1.0,-1.0
35,0,-1.0,0.0
35,1,-1.0,-1.0
35,2,-1.0,-1.0
35,3,-1.0,-1.0
35,4,-1.0,-1.0
36,0,-1.0,0.0
36,1,-1.0,-1.0
36,2,-0.99,-1.0
36,3,-1.0,-0.9956085376425039
36,4,-0.97,-0.9958782714435731
37,0,-1.0,0.0
37,1,-1.0,-1.0
37,2,-1.0,-1.0
37,3,-1.0,-1.0
37,4,-1.0,-1.0
38,0,-1.0,0.0
38,1,-1.0,-1.0
38,2,-1.0,-1.0
38,3,-1.0,-1.0
38,4,-0.99,-1.0
39,0,-0.98,0.0
39,1,-1.0,-0.98
39,2,-1.0,-0.9972434425659222
39,3,-1.0,-1.0091622827296702
39,4,-1.0,-1.004178293822502
40,0,-1.0,0.0
40,1,-1.0,-1.0
40,2,-0.94,-1.0
40,3,-0.99,-0.9914741503925976
40,4,-1.0,-0.9405414184989238
41,0,-0.99,0.0
41,1,-1.0,-0.99
41,2,-1.0,-1.0282091740723012
41,3,-1.0,-0.9288691689362648
41,4,-1.0,-1.0145790050019134
42,0,-1.0,0.0
42,1,-0.99,-1.0
42,2,-0.94,-0.990787884886295
42,3,-1.0,-1.0024413905960383
42,4,-0.98,-1.0079644756209094
43,0,-1.0,0.0
43,1,-0.99,-1.0
43,2,-1.0,-0.9985584609528272
43,3,-1.0,-0.9982103445038517
43,4,-0.99,-1.000332103992006
44,0,-1.0,0.0
44,1,-1.0,-1.0
44,2,-0.96,-1.0
44,3,-1.0,-0.9924875578219864
44,4,-0.99,-1.0352215585004083
45,0,-1.0,0.0
45,1,-1.0,-1.0
45,2,-1.0,-1.0
45,3,-1.0,-1.0
45,4,-1.0,-1.0
46,0,-1.0,0.0
46,1,-1.0,-1.0
46,2,-1.0,-1.0
46,3,-1.0,-1.0
46,4,-1.0,-1.0
47,0,-1.0,0.0
47,1,-0.98,-1.0
47,2,-1.0,-0.9999065179622261
47,3,-1.0,-0.9878538751019903
47,4,-1.0,-0.9921461844504752
48,0,-1.0,0.0
48,1,-1.0,-1.0
48,2,-0.99,-1.0
48,3,-1.0,-0.9915591351183969
48,4,-1.0,-0.9910036640417567
49,0,-1.0,0.0
49,1,-0.98,-1.0
49,2,-1.0,-0.9805170883552217
49,3,-0.99,-0.9733601859436465
49,4,-0.97,-1.0214125194915855
50,0,-1.0,0.0
50,1,-1.0,-1.0
50,2,-0.98,-1.0
50,3,-0.99,-0.976614849509319
50,4,-1.0,-0.9847019273561124
51,0,-1.0,0.0
51,1,-1.0,-1.0
51,2,-1.0,-1.0
51,3,-1.0,-1.0
51,4,-1.0,-1.0
52,0,-1.0,0.0
52,1,-1.0,-1.0
52,2,-1.0,-1.0
52,3,-1.0,-1.0
52,4,-0.87,-1.0
53,0,-1.0,0.0
53,1,-1.0,-1.0
53,2,-0.88,-1.0
53,3,-1.0,-0.9759970504145109
53,4,-1.0,-0.8835008758044218
54,0,-1.0,0.0
54,1,-0.99,-1.0
54,2,-0.98,-0.9990756198273876
54,3,-1.0,-0.9890094076836886
54,4,-0.98,-1.0034826558494438
55,0,-1.0,0.0
55,1,-1.0,-1.0
55,2,-0.98,-1.0
55,3,-1.0,-0.9576930235558587
55,4,-1.0,-1.0046953604738524
56,0,-1.0,0.0
56,1,-1.0,-1.0
56,2,-1.0,-1.0
56,3,-1.0,-1.0
56,4,-1.0,-1.0
57,0,-0.98,0.0
57,1,-0.96,-0.98
57,2,-1.0,-0.9773960335847258
57,3,-1.0,-0.9739230856605219
57,4,-1.0,-1.017021343321764
58,0,-0.97,0.0
58,1,-0.99,-0.97
58,2,-1.0,-0.9843138624138907
58,3,-1.0,-0.9964330227031578
58,4,-1.0,-0.9966622780423099
59,0,-1.0,0.0
59,1,-1.0,-1.0
59,2,-0.98,-1.0
59,3,-1.0,-0.9825673391096366
59,4,-1.0,-1.0076138415069325
60,0,-0.99,0.0
60,1,-1.0,-0.99
60,2,-0.99,-0.9931857586574567
60,3,-1.0,-0.9995916869503434
60,4,-1.0,-0.9889645269045377
61,0,-1.0,0.0
61,1,-0.99,-1.0
61,2,-1.0,-0.9898214878121988
61,3,-1.0,-1.0343008714479078
61,4,-1.0,-1.0022116922560818
62,0,-1.0,0.0
62,1,-1.0,-1.0
62,2,-1.0,-1.0
62,3,-1.0,-1.0
62,4,-1.0,-1.0
63,0,-0.99,0.0
63,1,-0.99,-0.99
63,2,-1.0,-0.99
63,3,-0.99,-0.9898136966014459
63,4,-0.99,-0.9932353654479522
64,0,-1.0,0.0
64,1,-1.0,-1.0
64,2,-0.99,-1.0
64,3,-0.99,-1.0100104055206294
64,4,-1.0,-1.2936207056891906
65,0,-0.99,0.0
65,1,-0.99,-0.99
65,2,-1.0,-0.99
65,3,-1.0,-0.9912636376901547
65,4,-1.0,-0.9995955041442763
66,0,-0.96,0.0
66,1,-1.0,-0.96
66,2,-1.0,-0.9591232035719268
66,3,-0.99,-0.9888066753584676
66,4,-0.9,-1.0760057383375605
67,0,-1.0,0.0
67,1,-0.99,-1.0
67,2,-0.93,-0.9977397458954574
67,3,-1.0,-0.939533909722216
67,4,-1.0,-0.996400106551483
68,0,-0.97,0.0
68,1,-0.99,-0.97
68,2,-1.0,-0.9444006488240064
68,3,-1.0,-0.9959440254578636
68,4,-1.0,-0.9987046529264739
69,0,-1.0,0.0
69,1,-1.0,-1.0
69,2,-1.0,-1.0
69,3,-1.0,-1.0
69,4,-0.99,-1.0
70,0,-1.0,0.0
70,1,-0.98,-1.0
70,2,-1.0,-0.9823823149578385
70,3,-1.0,-1.0022970406899439
70,4,-0.99,-1.0021248599058898
71,0,-0.99,0.0
71,1,-1.0,-0.99
71,2,-0.9,-0.9989978654612801
71,3,-1.0,-1.0697056453387872
71,4,-1.0,-0.9242758548576808
72,0,-1.0,0.0
72,1,-1.0,-1.0
72,2,-1.0,-1.0
72,3,-1.0,-1.0
72,4,-0.99,-1.0
73,0,-1.0,0.0
73,1,-1.0,-1.0
73,2,-1.0,-1.0
73,3,-1.0,-1.0
73,4,-1.0,-1.0
74,0,-0.99,0.0
74,1,-1.0,-0.99
74,2,-1.0,-0.9962362275545277
74,3,-0.99,-0.9930133159686697
74,4,-1.0,-1.003817236484897
75,0,-1.0,0.0
75,1,-0.98,-1.0
75,2,-1.0,-0.9804901834507884
75,3,-1.0,-1.015205297281468
75,4,-1.0,-0.989362444118761
76,0,-1.0,0.0
76,1,-0.99,-1.0
76,2,-1.0,-0.9895882766499693
76,3,-1.0,-1.0044641932147884
76,4,-1.0,-0.9973043558466503
77,0,-0.99,0.0
77,1,-1.0,-0.99
77,2,-1.0,-0.9948854575370206
77,3,-1.0,-0.9996420864905098
77,4,-0.91,-1.004106090033874
78,0,-1.0,0.0
78,1,-1.0,-1.0
78,2,-1.0,-1.0
78,3,-0.99,-1.0
78,4,-1.0,-0.9942338064541762
79,0,-1.0,0.0
79,1,-1.0,-1.0
79,2,-1.0,-1.0
79,3,-0.99,-1.0
79,4,-1.0,-1.000573334698121
80,0,-1.0,0.0
80,1,-0.95,-1.0
80,2,-1.0,-0.9556313064098532
80,3,-1.0,-0.9685481474991648
80,4,-1.0,-0.9717694443221583
81,0,-1.0,0.0
81,1,-1.0,-1.0
81,2,-1.0,-1.0
81,3,-0.98,-1.0
81,4,-1.0,-0.9960074866774912
82,0,-1.0,0.0
82,1,-1.0,-1.0
82,2,-1.0,-1.0
82,3,-1.0,-1.0
82,4,-1.0,-1.0
83,0,-1.0,0.0
83,1,-0.98,-1.0
83,2,-1.0,-0.9893771265254275
83,3,-1.0,-0.9913802666791226
83,4,-1.0,-0.9974690462712085
84,0,-1.0,0.0
84,1,-0.98,-1.0
84,2,-1.0,-1.0095177361498604
84,3,-1.0,-1.0095034085699883
84,4,-0.99,-0.9995219675222089
85,0,-1.0,0.0
85,1,-0.99,-1.0
85,2,-1.0,-0.9923726980502899
85,3,-1.0,-0.9946468280185775
85,4,-1.0,-0.992968463635424
86,0,-0.97,0.0
86,1,-1.0,-0.97
86,2,-0.98,-0.9976372015081693
86,3,-1.0,-0.9741914707007767
86,4,-0.98,-0.9928943948663851
87,0,-0.99,0.0
87,1,-1.0,-0.99
87,2,-0.99,-0.9901225254582484
87,3,-1.0,-0.9895993573716746
87,4,-0.99,-1.0070248128535793
88,0,-1.0,0.0
88,1,-1.0,-1.0
88,2,-0.99,-1.0
88,3,-1.0,-0.9988281599742264
88,4,-1.0,-0.9895371976894197
89,0,-1.0,0.0
89,1,-1.0,-1.0
89,2,-1.0,-1.0
89,3,-0.93,-1.0
89,4,-1.0,-0.9993330470158264
90,0,-0.99,0.0
90,1,-1.0,-0.99
90,2,-1.0,-1.0134722222222223
90,3,-1.0,-0.9961349740571168
90,4,-1.0,-1.0001432992097476
91,0,-0.99,0.0
91,1,-0.99,-0.99
91,2,-1.0,-0.99
91,3,-0.99,-0.9906994599644894
91,4,-1.0,-0.9884009074834132
92,0,-1.0,0.0
92,1,-1.0,-1.0
92,2,-1.0,-1.0
92,3,-1.0,-1.0
92,4,-1.0,-1.0
93,0,-0.96,0.0
93,1,-1.0,-0.96
93,2,-0.98,-0.9560813121398264
93,3,-1.0,-0.9740353314473159
93,4,-1.0,-0.9893665222777069
94,0,-1.0,0.0
94,1,-1.0,-1.0
94,2,-1.0,-1.0
94,3,-1.0,-1.0
94,4,-1.0,-1.0
95,0,-1.0,0.0
95,1,-1.0,-1.0
95,2,-0.97,-1.0
95,3,-1.0,-1.0064060412882054
95,4,-0.99,-0.9684632115032712
96,0,-1.0,0.0
96,1,-1.0,-1.0
96,2,-1.0,-1.0
96,3,-1.0,-1.0
96,4,-1.0,-1.0
97,0,-0.99,0.0
97,1,-0.98,-0.99
97,2,-0.96,-0.9905008569796229
97,3,-1.0,-0.9452474242895508
97,4,-1.0,-0.9494279352579396
98,0,-1.0,0.0
98,1,-0.99,-1.0
98,2,-1.0,-1.0001645144171236
98,3,-1.0,-0.9915313379605161
98,4,-1.0,-1.0016055116502265
99,0,-1.0,0.0
99,1,-0.99,-1.0
99,2,-1.0,-0.9989336719548798
99,3,-0.99,-0.9907666965235017
99,4,-1.0,-0.9898551500438593
