run,trial,ytrue,ypred
0,0,-0.57,0.0
0,1,-0.48,-0.57
0,2,0.17,-0.6491711229946522
0,3,0.13,-0.5750948604094899
0,4,-0.15,0.04767042086544171
1,0,-0.58,0.0
1,1,-0.73,-0.58
1,2,-0.11,-0.5899213179247602
1,3,0.04,-3.45418360655738
1,4,0.72,-6.743896961690883
2,0,-0.33,0.0
2,1,-0.07,-0.33
2,2,-0.26,-0.08522556032427278
2,3,-0.81,0.03524928491941366
2,4,-0.89,-0.5456052141527002
3,0,-0.22,0.0
3,1,-0.74,-0.22
3,2,-0.11,-1.3610135135135137
3,3,0.13,-2.6230886700980447
3,4,0.11,-0.5920666603897939
4,0,0.13,0.0
4,1,0.24,0.13
4,2,-0.34,0.1415651289274954
4,3,-0.63,1.7028448303293418
4,4,-0.26,-0.9755285412262135
5,0,-0.26,0.0
5,1,-0.43,-0.26
5,2,0.25,-0.13443859649122814
5,3,-0.35,-0.9798123372106191
5,4,-0.15,0.10346456692913397
6,0,0.05,0.0
6,1,0.17,0.05
6,2,-0.21,0.106120527306968
6,3,0.13,0.09739185123888672
6,4,-0.31,0.023492822966507232
7,0,-0.37,0.0
7,1,0.14,-0.37
7,2,-0.08,-0.019055991344333223
7,3,-0.48,-0.37161556455027556
7,4,0.1,-12.201515151515608
8,0,-0.47,0.0
8,1,-0.09,-0.47
8,2,-0.37,0.5959905266090837
8,3,-0.49,-1.02992745720172
8,4,-0.23,-0.5970534351145036
9,0,-0.04,0.0
9,1,-0.81,-0.04
9,2,-0.4,-0.7849263451697939
9,3,0.18,-0.09188614097156078
9,4,0.15,0.2794000000000034
10,0,-0.28,0.0
10,1,-0.54,-0.28
10,2,0.09,-0.31124528301886795
10,3,-0.62,-0.5315264717395354
10,4,-0.25,0.3339655172413801
11,0,-0.48,0.0
11,1,-0.07,-0.48
11,2,-0.15,-0.9190317919075145
11,3,-0.1,-1.1860836236933787
11,4,-0.15,-0.3254878048780485
12,0,-0.55,0.0
12,1,0.01,-0.55
12,2,-0.27,-0.862888888888889
12,3,-0.22,-1.7145582876283734
12,4,0.25,-1.0270854271356782
13,0,-0.33,0.0
13,1,-0.08,-0.33
13,2,-0.24,-0.11465346534653459
13,3,-0.89,-0.004488188976378038
13,4,-0.02,-0.5679527559055114
14,0,0.09,0.0
14,1,-0.26,0.09
14,2,0.07,-0.058820293840920634
14,3,-0.23,0.9133217718234528
14,4,-0.29,-0.6590339425587471
15,0,-0.33,0.0
15,1,0.18,-0.33
15,2,-0.08,0.25149918962722856
15,3,-0.47,-1.7339942122186491
15,4,-0.42,-0.7990708048595292
16,0,-0.74,0.0
16,1,-0.24,-0.74
16,2,0.66,-0.5802963195644206
16,3,-0.06,0.3222465621316186
16,4,-0.76,-0.4650000000000005
17,0,-0.0,0.0
17,1,-0.27,0.0
17,2,-0.55,-0.2935045352809519
17,3,-0.63,-0.23560420315236436
17,4,-0.4,-0.66561626182281
18,0,-0.1,0.0
18,1,-0.72,-0.1
18,2,-0.06,-1.0613941253836034
18,3,-0.05,0.7423133188763607
18,4,-0.53,-1.758781725888324
19,0,-0.18,0.0
19,1,-0.16,-0.18
19,2,-0.26,-0.1660720645625734
19,3,-0.61,-0.2600253200619077
19,4,-0.21,1.5595726495726476
20,0,0.02,0.0
20,1,-0.14,0.02
20,2,-0.14,-0.14552831416793233
20,3,-0.1,-0.06978671676428334
20,4,0.04,0.020714285714285727
21,0,-0.34,0.0
21,1,-0.48,-0.34
21,2,-0.28,-0.3927620779351972
21,3,0.06,-0.08815860712407753
21,4,-0.36,0.2550631681243931
22,0,-0.72,0.0
22,1,-0.09,-0.72
22,2,-0.15,-0.2358620689655173
22,3,-0.03,-1.2740054471766482
22,4,-0.09,-0.30284023668639026
23,0,0.21,0.0
23,1,-0.05,0.21
23,2,0.18,0.14649425287356319
23,3,-0.71,-0.2242586125322088
23,4,-0.71,0.6092271880819382
24,0,-0.12,0.0
24,1,0.34,-0.12
24,2,0.06,0.13653061224489796
24,3,-0.71,0.6179321785850328
24,4,-0.52,-2.060050761421319
25,0,-0.34,0.0
25,1,-0.34,-0.34
25,2,0.04,-0.34
25,3,-0.76,-0.7537132324354332
25,4,-0.29,-0.37757328990228006
26,0,0.09,0.0
26,1,-0.42,0.09
26,2,0.17,-0.2523564356435643
26,3,0.12,0.17418966674912542
26,4,0.21,1.0055346820809254
27,0,-0.05,0.0
27,1,-0.43,-0.05
27,2,-0.27,-0.16801322059953883
27,3,-0.01,-0.11132343491523622
27,4,-0.41,-0.316782273603083
28,0,-0.07,0.0
28,1,0.15,-0.07
28,2,0.03,1.0434497816593886
28,3,-0.24,-0.7125816185407154
28,4,-0.82,-2.509999999999997
29,0,-0.53,0.0
29,1,-0.9,-0.53
29,2,-0.31,-0.5922894878384033
29,3,-0.23,-0.3224670415009611
29,4,-0.6,-0.5175588345162494
30,0,-0.26,0.0
30,1,-0.9,-0.26
30,2,0.06,-0.577583081570997
30,3,-0.24,-0.8480861712148187
30,4,-0.13,0.16046045197740022
31,0,-0.21,0.0
31,1,-0.32,-0.21
31,2,0.19,-0.16775579809004093
31,3,-0.45,-0.06493130658184476
31,4,-0.49,-0.8120675105485238
32,0,-0.53,0.0
32,1,-0.29,-0.53
32,2,-0.16,-0.5680586123016333
32,3,-0.39,2.5447074803693273
32,4,-0.44,0.5012352406902785
33,0,-0.36,0.0
33,1,-0.33,-0.36
33,2,-0.04,-0.36688015662145146
33,3,-0.32,-0.37404878383899043
33,4,-0.04,5.239999999999739
34,0,-0.04,0.0
34,1,0.15,-0.04
34,2,-0.38,0.059068235294117644
34,3,-0.26,-4.080148364107547
34,4,-0.1,2.6134600262123153
35,0,-0.23,0.0
35,1,-0.27,-0.23
35,2,-0.11,-0.2477014925373134
35,3,-0.26,-0.15401062649961844
35,4,-0.42,-0.06634705133644464
36,0,-0.1,0.0
36,1,-0.37,-0.1
36,2,0.05,-0.2797026759167492
36,3,-0.35,-0.00725971512023138
36,4,-0.23,1.7276811594202872
37,0,-0.2,0.0
37,1,-0.02,-0.2
37,2,-0.61,-0.18321581548599675
37,3,-0.24,-0.20292349535818777
37,4,-0.31,0.6352375856164376
38,0,-0.37,0.0
38,1,-0.2,-0.37
38,2,-0.12,-0.4648837209302325
38,3,-0.16,-0.20609262229350422
38,4,-0.1,-0.020536672629695718
39,0,-0.44,0.0
39,1,-0.27,-0.44
39,2,-0.56,-0.24741234365388554
39,3,-0.21,-0.5420620219780219
39,4,-0.5,-0.16815325248070578
40,0,-0.29,0.0
40,1,0.08,-0.29
40,2,-0.48,-0.2786608927381746
40,3,-0.6,-2.965421803635182
40,4,-0.39,0.5426043405676113
41,0,0.13,0.0
41,1,-0.32,0.13
41,2,-0.39,5.980000000000002
41,3,-0.51,-1.5575000000000037
41,4,0.12,-0.9270504933610124
42,0,0.02,0.0
42,1,-0.6,0.02
42,2,-0.89,-0.18719488817891375
42,3,-0.39,-0.3603806714085183
42,4,-0.02,-1.5739390243902438
43,0,-0.45,0.0
43,1,-0.44,-0.45
43,2,-0.55,-0.44928571428571434
43,3,-0.31,1.2633571428571422
43,4,-0.59,-0.19980439367711011
44,0,0.04,0.0
44,1,0.18,0.04
44,2,-0.21,0.10948914549653581
44,3,-0.33,0.21260893889299454
44,4,-0.31,-0.3001394585726005
45,0,-0.64,0.0
45,1,-0.11,-0.64
45,2,0.06,-0.26008849557522123
45,3,0.1,0.1416710250201776
45,4,-0.21,-1.5380769230769231
46,0,-0.17,0.0
46,1,-0.21,-0.17
46,2,-0.31,-0.3298004987531171
46,3,-0.35,-0.29178776948140306
46,4,-0.57,-0.25884507042253524
47,0,-0.12,0.0
47,1,-0.5,-0.12
47,2,-0.11,-0.6028581160942308
47,3,-0.62,-5.709999999999958
47,4,-0.54,-28.44999999999976
48,0,-0.93,0.0
48,1,-0.02,-0.93
48,2,-0.36,-0.02760710553813983
48,3,-0.34,-1.795668992420925
48,4,-0.54,-14.082000000000034
49,0,-0.62,0.0
49,1,-0.22,-0.62
49,2,-0.45,-0.5026140567200987
49,3,-0.14,-0.4615530076437354
49,4,0.06,-1.3280799373040748
50,0,0.17,0.0
50,1,-0.36,0.17
50,2,-0.31,0.17131106988249856
50,3,0.06,0.42398623148838127
50,4,0.06,-0.6959186189889021
51,0,-0.36,0.0
51,1,0.18,-0.36
51,2,-0.32,-0.942530664945126
51,3,0.08,-1.0701308411214976
51,4,-0.62,0.22557271806493162
52,0,-0.6,0.0
52,1,-0.21,-0.6
52,2,-0.43,-0.3552115876171542
52,3,-0.33,-0.7277134517498074
52,4,-0.7,-0.651487414187643
53,0,0.23,0.0
53,1,-0.7,0.23
53,2,-0.42,0.4846366197183096
53,3,0.11,1.9240927325819392
53,4,-0.15,1.2686363636363647
54,0,-0.17,0.0
54,1,0.14,-0.17
54,2,0.07,-0.04421339563862929
54,3,-0.69,0.4024648576512455
54,4,-0.35,-0.23299591002045028
55,0,-0.17,0.0
55,1,0.14,-0.17
55,2,-0.18,0.043893977241187904
55,3,-0.06,-0.05920804965959124
55,4,-0.12,0.08260869565217377
56,0,-0.71,0.0
56,1,-0.06,-0.71
56,2,-0.83,-0.3068153936643979
56,3,-0.45,-0.861016532920659
56,4,-0.4,-3.6243093922651957
57,0,-0.6,0.0
57,1,-0.71,-0.6
57,2,-0.11,-0.6471657559198543
57,3,0.15,-0.7708557533283549
57,4,-0.05,0.20457546337157945
58,0,-0.15,0.0
58,1,0.08,-0.15
58,2,-0.21,0.11681840920460226
58,3,-0.22,-0.29513765376866385
58,4,-0.25,-0.25665194346289766
59,0,0.22,0.0
59,1,-0.56,0.22
59,2,-0.18,-0.2624708967928957
59,3,-0.29,-0.29290215394174157
59,4,-0.26,-0.2834246575342466
60,0,-0.29,0.0
60,1,0.22,-0.29
60,2,-0.91,0.22525096525096516
60,3,-0.18,1.4907978221897626
60,4,-0.16,-0.5695774647887328
61,0,0.35,0.0
61,1,-0.2,0.35
61,2,-0.15,0.1884369897580525
61,3,-0.25,0.33900792540955527
61,4,-0.13,-0.11074718526100291
62,0,-0.34,0.0
62,1,-0.47,-0.34
62,2,-0.22,-0.5211870812575159
62,3,-0.24,-0.591256158216062
62,4,-0.3,-1.0589361702127662
63,0,0.18,0.0
63,1,-0.33,0.18
63,2,-0.17,0.3612606152104171
63,3,-0.18,-0.191143610755025
63,4,-0.43,-0.7669014084507042
64,0,-0.25,0.0
64,1,0.03,-0.25
64,2,-0.19,-0.27903053523743176
64,3,-0.1,-0.2576005128373714
64,4,-0.14,-1.4190601503759366
65,0,-0.33,0.0
65,1,-0.14,-0.33
65,2,-0.15,-0.2649613155486537
65,3,-0.55,-0.2469581853004553
65,4,-0.68,-0.19411633109619703
66,0,-0.61,0.0
66,1,-0.37,-0.61
66,2,-0.5,-0.43868112335584786
66,3,-0.56,-0.46953918674715533
66,4,0.02,-0.7078602620087336
67,0,-0.43,0.0
67,1,-0.56,-0.43
67,2,0.26,-0.5869747363541546
67,3,0.16,-0.14664806925761809
67,4,0.21,0.03754399387911178
68,0,-0.42,0.0
68,1,-0.04,-0.42
68,2,-0.13,0.2666825816352629
68,3,-0.27,-0.07352488989816636
68,4,-0.21,-0.46958333333333346
69,0,-0.3,0.0
69,1,-0.17,-0.3
69,2,-0.27,-0.22426219870664313
69,3,-0.05,-0.5315722994856162
69,4,-0.38,0.23280665280665264
70,0,-0.32,0.0
70,1,-0.09,-0.32
70,2,-0.13,-0.3145697796432319
70,3,-0.43,-1.3333333333333321
70,4,-0.17,-0.6136585365853644
71,0,-0.43,0.0
71,1,-0.18,-0.43
71,2,0.25,-0.21770651422828063
71,3,-0.33,-0.5019163238054749
71,4,-0.14,-0.23564289227742247
72,0,-0.36,0.0
72,1,-0.48,-0.36
72,2,-0.22,-0.5462553689964857
72,3,0.06,-0.8439701355593305
72,4,-0.02,-0.24180889115993887
73,0,-0.22,0.0
73,1,-0.1,-0.22
73,2,-0.47,-0.23070598721639524
73,3,0.22,-0.6663368802354541
73,4,-0.23,0.05333333333333384
74,0,-0.14,0.0
74,1,-0.32,-0.14
74,2,-0.15,-0.24973987584983742
74,3,-0.76,-0.20144319001569988
74,4,-0.95,2.6543693693693715
75,0,-0.26,0.0
75,1,-0.15,-0.26
75,2,-0.0,-0.36817230769230774
75,3,-0.02,-0.23872477663589803
75,4,-0.06,-1.4068702290076338
76,0,-0.41,0.0
76,1,-0.33,-0.41
76,2,-0.64,-0.32002450168862995
76,3,-0.08,-0.5111648141074612
76,4,-0.08,-0.8343608741206404
77,0,-0.34,0.0
77,1,-0.51,-0.34
77,2,-0.26,-0.4768243377155315
77,3,-0.56,-0.6986929885767569
77,4,-0.72,-0.3434117647058822
78,0,0.08,0.0
78,1,-0.22,0.08
78,2,-0.29,-0.18393258426966294
78,3,0.04,-0.3498348414529801
78,4,-0.39,-0.024999999999999883
79,0,-0.2,0.0
79,1,-0.41,-0.2
79,2,0.23,-0.07706951871657758
79,3,-0.29,-1.3536110776511117
79,4,0.18,0.6078674351585027
80,0,-0.21,0.0
80,1,-0.09,-0.21
80,2,-0.3,-0.10357894736842102
80,3,-0.19,-0.2583328917951435
80,4,-0.7,-1.4359254807692299
81,0,-0.12,0.0
81,1,-0.48,-0.12
81,2,-0.43,-0.7176649949849547
81,3,0.12,-0.6648966025403408
81,4,-0.26,0.4279541984732891
82,0,-0.31,0.0
82,1,-0.13,-0.31
82,2,-0.44,-0.25942008486562945
82,3,-0.11,-0.7732464491362765
82,4,-0.55,-0.2418000000000003
83,0,0.07,0.0
83,1,-0.89,0.07
83,2,-0.65,-0.8726259758694108
83,3,-0.11,-0.6058250086817537
83,4,-0.65,-0.22953325554259038
84,0,-0.1,0.0
84,1,0.03,-0.1
84,2,-0.01,-0.014579072087802458
84,3,0.15,-0.06679264963716974
84,4,-0.55,-0.0632039540630905
85,0,-0.65,0.0
85,1,-0.34,-0.65
85,2,-0.48,-0.5272797218317674
85,3,-0.5,-0.4677946078495968
85,4,-0.53,-0.6537769080234834
86,0,-0.35,0.0
86,1,0.02,-0.35
86,2,-0.01,0.09230409068506651
86,3,-0.42,-0.4728932524455748
86,4,-0.07,-0.20751479289940833
87,0,-0.15,0.0
87,1,0.03,-0.15
87,2,-0.23,-0.010393028632402657
87,3,-0.08,-0.31228520379191593
87,4,-0.22,0.02817659416707867
88,0,-0.95,0.0
88,1,-0.21,-0.95
88,2,0.02,8.670000000000002
88,3,-0.65,4.705087558891136
88,4,-0.27,2.0167132867132906
89,0,-0.22,0.0
89,1,-0.44,-0.22
89,2,-0.6,-0.5608978328173375
89,3,-0.31,-0.44896204812090845
89,4,-0.35,-1.5609768907563017
90,0,-0.29,0.0
90,1,-0.6,-0.29
90,2,-0.5,-0.32903823196302306
90,3,-0.14,-0.6148858587995767
90,4,-0.2,-1.0127952668006246
91,0,0.15,0.0
91,1,-0.24,0.15
91,2,-0.42,0.1452428078250863
91,3,-0.7,2.516707549164673
91,4,-0.12,-7.673671328671329
92,0,-0.02,0.0
92,1,-0.13,-0.02
92,2,-0.25,0.10594795539033447
92,3,-0.13,-0.07155646672313348
92,4,-0.06,-0.384515306122449
93,0,-0.7,0.0
93,1,-0.13,-0.7
93,2,-0.32,-2.01331660812845
93,3,-0.14,-0.05852206853041375
93,4,-0.26,-0.15816666666666834
94,0,-0.6,0.0
94,1,-0.33,-0.6
94,2,-0.68,-0.6338309352517985
94,3,-0.05,-0.5424608819345661
94,4,-0.45,0.24266447368421062
95,0,-0.11,0.0
95,1,-0.89,-0.11
95,2,-0.48,-0.11936628977123309
95,3,-0.28,-0.42515338453362916
95,4,-0.49,-3.4375147928994094
96,0,-0.15,0.0
96,1,0.01,-0.15
96,2,-0.41,-0.11912053290125121
96,3,-0.72,2.1518905134308057
96,4,-0.76,-2.374795539033461
97,0,-0.45,0.0
97,1,-0.21,-0.45
97,2,-0.37,-1.1274562798092205
97,3,-0.38,0.16426564913751818
97,4,0.0,-0.2549962990377501
98,0,0.03,0.0
98,1,-0.55,0.03
98,2,-0.21,-0.4791867662753469
98,3,0.05,-1.3039115383217064
98,4,-0.31,-4.3693288590604045
99,0,-0.42,0.0
99,1,-0.23,-0.42
99,2,-0.38,-0.6837472035794183
99,3,-0.31,-0.6125366812003826
99,4,-0.11,0.6674871794871777
