run,trial,ytrue,ypred
0,0,-0.55,0.0
0,1,-0.81,-0.55
0,2,-0.59,-0.5368539325842698
0,3,-0.53,-0.44777777777777755
0,4,-0.53,-0.804969400244798
1,0,-0.65,0.0
1,1,-0.58,-0.65
1,2,-0.52,-0.18799999999999928
1,3,-0.65,-0.6255110642781876
1,4,-0.67,-0.7109827357237715
2,0,-0.5,0.0
2,1,-0.8,-0.5
2,2,-0.49,-0.5681818181818182
2,3,-0.69,-0.5009090909090907
2,4,-0.56,-0.6242237267271886
3,0,-0.5,0.0
3,1,-0.65,-0.5
3,2,-0.72,-0.6189655172413793
3,3,-0.91,-0.6697916666666666
3,4,-0.7,-0.5314955611199634
4,0,-0.55,0.0
4,1,-0.68,-0.55
4,2,-0.39,-0.6222222222222222
4,3,-0.68,-0.6336111111111113
4,4,-0.79,-0.6851252821670428
5,0,-0.62,0.0
5,1,-0.72,-0.62
5,2,-0.47,-0.6587931034482758
5,3,-0.49,-0.44183098591549297
5,4,-0.66,-0.6798836594394501
6,0,-0.7,0.0
6,1,-0.74,-0.7
6,2,-0.68,-0.7389711701526287
6,3,-0.65,-0.4742857142857144
6,4,-0.76,-0.7089974779319042
7,0,-0.52,0.0
7,1,-0.55,-0.52
7,2,-0.57,-0.5453448275862068
7,3,-0.93,-0.530344827586207
7,4,-0.94,-0.8480107526881722
8,0,-0.53,0.0
8,1,-0.6,-0.53
8,2,-0.66,-0.6773081499107673
8,3,-0.86,-0.5935897435897436
8,4,-0.7,-0.928350622406639
9,0,-0.69,0.0
9,1,-0.73,-0.69
9,2,-0.64,-0.6599999999999999
9,3,-0.32,-0.510945945945946
9,4,-0.67,-1.2101003344481605
10,0,-0.84,0.0
10,1,-0.58,-0.84
10,2,-0.79,-1.0061111111111112
10,3,-0.57,-0.5292592592592591
10,4,-0.76,-1.1915482233502537
11,0,-0.24,0.0
11,1,-0.82,-0.24
11,2,-0.55,-1.8294040430559202
11,3,-0.8,1.1199999999999992
11,4,-0.46,-0.513109597924773
12,0,-0.68,0.0
12,1,-0.87,-0.68
12,2,-0.36,-0.5504545454545456
12,3,-0.82,-0.7126130895091436
12,4,-0.69,-2.651478897802581
13,0,-0.88,0.0
13,1,-0.65,-0.88
13,2,-0.52,-0.6386502177068215
13,3,-0.94,-1.7074999999999996
13,4,-0.61,-0.4135139956092207
14,0,-0.45,0.0
14,1,-0.42,-0.45
14,2,-0.43,-0.44127692307692307
14,3,-0.53,-0.4655555555555556
14,4,-0.87,-0.4312137846904544
15,0,-0.55,0.0
15,1,-0.65,-0.55
15,2,-0.64,-0.6399999999999999
15,3,-0.32,-0.4200000000000004
15,4,-0.55,-0.8321700879765394
16,0,-0.79,0.0
16,1,-0.85,-0.79
16,2,-0.69,-0.8343478260869566
16,3,-0.88,-0.7329508196721314
16,4,-0.65,-0.7528103044496488
17,0,-0.73,0.0
17,1,-0.94,-0.73
17,2,-0.43,-0.7681818181818182
17,3,-0.7,-0.39927184466019416
17,4,-0.54,-1.036520584329349
18,0,-0.61,0.0
18,1,-0.65,-0.61
18,2,-0.69,-0.6431275567125326
18,3,-0.28,-0.6642857142857144
18,4,-0.84,-0.9982781456953647
19,0,-0.87,0.0
19,1,-0.85,-0.87
19,2,-0.71,-0.8815384615384616
19,3,-0.57,-0.8847637490317583
19,4,-0.69,-0.7936512667660208
20,0,-0.64,0.0
20,1,-0.86,-0.64
20,2,-0.55,-0.6291903821582066
20,3,-0.58,-0.6899999999999997
20,4,-0.74,-0.5848675496688742
21,0,-0.5,0.0
21,1,-0.49,-0.5
21,2,0.13,-0.5001873828856964
21,3,-0.65,0.025000000000000355
21,4,-0.68,-1.1643870967741934
22,0,-0.28,0.0
22,1,-0.65,-0.28
22,2,-0.64,-0.21753246753246758
22,3,-0.65,-0.52449359064657
22,4,-0.51,-0.5278185083456581
23,0,-0.72,0.0
23,1,-0.64,-0.72
23,2,-0.32,-2.639999999999997
23,3,-0.56,-0.40938435940099827
23,4,-0.66,-0.7816952678107125
24,0,-0.64,0.0
24,1,-0.66,-0.64
24,2,-0.79,-0.7294117647058824
24,3,-0.64,-0.6356672952021789
24,4,-0.57,-0.5383343808925205
25,0,-0.67,0.0
25,1,-0.32,-0.67
25,2,-0.82,-0.40749999999999986
25,3,-0.61,-0.9937179487179484
25,4,-0.79,-0.49752905198776753
26,0,-0.72,0.0
26,1,-0.72,-0.72
26,2,-0.89,-0.72
26,3,-0.64,-0.6830561093705498
26,4,-0.74,-0.7456474480151228
27,0,-0.43,0.0
27,1,-0.67,-0.43
27,2,-0.58,-0.4308096917650668
27,3,-0.62,-1.0374999999999994
27,4,-0.81,-0.5928064516129034
28,0,-0.69,0.0
28,1,-0.86,-0.69
28,2,-0.51,-0.5598476052249637
28,3,-0.43,-0.517894736842105
28,4,-0.61,-0.7328428761651131
29,0,-0.58,0.0
29,1,-0.4,-0.58
29,2,-0.66,-0.382
29,3,-0.91,-0.34800000000000014
29,4,-0.68,-0.4815649278579356
30,0,-0.51,0.0
30,1,-0.65,-0.51
30,2,-0.64,-0.41666666666666674
30,3,-0.6,-0.566842105263158
30,4,-0.62,-0.619342105263158
31,0,1.0,0.0
31,1,-0.87,1.0
31,2,-0.57,0.7898876404494383
31,3,-0.68,-3.4745000000000004
31,4,-0.39,-0.4320247110402551
32,0,-0.64,0.0
32,1,-0.67,-0.64
32,2,-0.64,-0.5852941176470587
32,3,-0.69,-0.7317647058823531
32,4,-0.5,-0.6397838253045101
33,0,-0.65,0.0
33,1,-0.52,-0.65
33,2,-0.58,-0.5129729729729731
33,3,-0.66,-0.6598237733241189
33,4,-0.79,-0.6587180373185902
34,0,-0.68,0.0
34,1,-0.58,-0.68
34,2,-0.63,1.8199999999999998
34,3,-0.8,-0.622595673876872
34,4,-0.5,-0.6313311148086523
35,0,-0.43,0.0
35,1,1.0,-0.43
35,2,-0.32,-8.056666666666676
35,3,-0.64,-0.7840734824281154
35,4,-0.79,-2.179380952380951
36,0,-0.61,0.0
36,1,-0.58,-0.61
36,2,-0.79,-0.7450000000000002
36,3,-0.69,-0.5445934466019418
36,4,-0.53,-0.5857524271844661
37,0,-0.86,0.0
37,1,-0.53,-0.86
37,2,-0.82,-0.5135622641509436
37,3,-0.52,0.8538636363636365
37,4,-0.51,-0.85723608259091
38,0,-0.52,0.0
38,1,-0.66,-0.52
38,2,-0.43,-0.6663636363636364
38,3,-0.4,-0.5341025641025642
38,4,-0.69,-0.513213025344883
39,0,-0.43,0.0
39,1,-0.8,-0.43
39,2,-0.62,-0.44574468085106383
39,3,-0.67,-0.6878834355828222
39,4,-0.49,-0.4836042944785277
40,0,-0.65,0.0
40,1,-0.58,-0.65
40,2,-0.53,-0.656829268292683
40,3,-1.0,-0.7456097560975611
40,4,-0.67,-0.53
41,0,-0.4,0.0
41,1,1.0,-0.4
41,2,-0.94,-1.8000000000000003
41,3,-0.81,-0.4528333333333333
41,4,-0.82,-0.07185091126381837
42,0,-0.81,0.0
42,1,-0.72,-0.81
42,2,-0.58,-0.7647352941176471
42,3,-0.56,-2.9400000000000057
42,4,-0.68,-0.4261739130434789
43,0,-0.81,0.0
43,1,1.0,-0.81
43,2,-0.58,-0.541851851851852
43,3,-0.34,0.15169152276295117
43,4,-0.89,-0.6872511780665429
44,0,-0.8,0.0
44,1,-0.77,-0.8
44,2,-0.64,-0.7754228474202594
44,3,-0.68,-0.8908791208791209
44,4,-0.62,-0.6560281928092498
45,0,-0.89,0.0
45,1,-0.79,-0.89
45,2,-0.65,-0.9457050592034447
45,3,-0.89,-1.1886666666666668
45,4,-0.6,-0.5958872542637679
46,0,-0.52,0.0
46,1,-0.74,-0.52
46,2,-0.34,-0.2999999999999994
46,3,-0.52,-0.7333333333333334
46,4,-0.61,-0.6161038961038963
47,0,-0.7,0.0
47,1,-0.72,-0.7
47,2,-0.58,-0.7092365420695627
47,3,-0.58,-0.5602739726027396
47,4,-0.88,-0.7577331834965484
48,0,-0.4,0.0
48,1,-0.67,-0.4
48,2,-0.68,-0.38749877511024017
48,3,-0.65,-1.5200000000000005
48,4,-0.79,-0.5868376068376069
49,0,-0.7,0.0
49,1,-0.91,-0.7
49,2,-0.82,-0.7891037625064586
49,3,-0.81,-0.8907142857142856
49,4,-0.65,-0.7063712489819782
50,0,-0.75,0.0
50,1,-0.62,-0.75
50,2,-0.58,-0.4072727272727274
50,3,-0.76,-1.2372727272727269
50,4,-0.67,-0.725462942354774
51,0,-0.94,0.0
51,1,-0.7,-0.94
51,2,-0.54,-1.1991999999999998
51,3,-0.63,-0.7063999999999999
51,4,-0.75,-0.6513178959405372
52,0,-0.87,0.0
52,1,-0.63,-0.87
52,2,-0.59,-2.4699999999999984
52,3,-0.72,-0.7007889125799573
52,4,-0.64,-0.7660447761194029
53,0,-0.66,0.0
53,1,-0.14,-0.66
53,2,-0.75,-0.4266396601126371
53,3,-0.81,-4.126470588235296
53,4,-0.66,-0.48661877930233577
54,0,0.13,0.0
54,1,-0.58,0.13
54,2,-0.53,0.07243243243243258
54,3,-0.62,-0.2872691397000787
54,4,-0.55,-0.5572391559202812
55,0,-0.94,0.0
55,1,-0.58,-0.94
55,2,-0.52,-0.6076923076923078
55,3,-0.66,-1.2055573248407643
55,4,-0.69,0.047070063694266695
56,0,-0.71,0.0
56,1,-0.74,-0.71
56,2,-0.87,-0.720186183243508
56,3,-0.53,-0.7972727272727272
56,4,-0.72,-0.7897435897435896
57,0,-0.64,0.0
57,1,-0.53,-0.64
57,2,-0.4,-0.6249322629202207
57,3,-0.65,-0.5647058823529411
57,4,-0.55,-0.7181210191082802
58,0,-0.75,0.0
58,1,-0.56,-0.75
58,2,-0.58,-0.7974999999999999
58,3,-0.87,-0.694
58,4,-0.77,-0.6580882352941178
59,0,-0.14,0.0
59,1,-0.65,-0.14
59,2,-0.36,-0.5735909631391203
59,3,-0.68,-1.4475000000000007
59,4,-0.28,-0.5517495395948434
60,0,-0.66,0.0
60,1,-0.51,-0.66
60,2,-0.69,-0.05999999999999939
60,3,-0.64,-0.6069230769230769
60,4,-0.86,-0.7494444444444442
61,0,-0.65,0.0
61,1,-0.36,-0.65
61,2,-0.51,-1.6650000000000063
61,3,-0.61,-0.4806716417910449
61,4,-0.64,-0.5486757990867575
62,0,-0.75,0.0
62,1,-0.53,-0.75
62,2,-0.64,-0.4544215320387121
62,3,-0.66,-0.4717647058823531
62,4,-0.72,-0.7341680042803637
63,0,-0.68,0.0
63,1,-0.75,-0.68
63,2,-0.64,-0.6770834337660551
63,3,-0.68,-0.8520000000000006
63,4,-0.24,-0.6592517864649013
64,0,-0.54,0.0
64,1,-0.89,-0.54
64,2,-0.52,-0.7992592592592592
64,3,-0.66,-1.3377777777777777
64,4,-0.43,-0.5657361601884571
65,0,-0.72,0.0
65,1,-0.62,-0.72
65,2,-0.59,-0.6642692540933899
65,3,-0.67,-0.41555555555555546
65,4,-0.56,-0.549487864618125
66,0,-0.65,0.0
66,1,-0.53,-0.65
66,2,-0.39,-0.6416104064856926
66,3,-0.63,-0.8981999999999997
66,4,-0.89,0.036324504511033084
67,0,-0.67,0.0
67,1,-0.87,-0.67
67,2,-0.94,-0.7384931506849316
67,3,-0.59,-0.8002739726027397
67,4,-0.5,-0.8411569987389659
68,0,-0.65,0.0
68,1,-0.89,-0.65
68,2,-0.8,-1.034
68,3,-0.73,-0.7489999999999999
68,4,-0.81,-0.41283450704225355
69,0,-0.81,0.0
69,1,-0.76,-0.81
69,2,-0.74,-0.8199172147879339
69,3,-0.4,-0.8015151515151516
69,4,-0.86,-0.53054470709147
70,0,-0.7,0.0
70,1,-0.94,-0.7
70,2,-0.79,-0.8912758073054525
70,3,-0.69,-0.9604545454545452
70,4,-0.61,-0.7839569958218688
71,0,-0.57,0.0
71,1,-0.88,-0.57
71,2,-0.55,-0.47506249999999994
71,3,-0.82,-0.5634693877551019
71,4,-0.73,-0.657148958889482
72,0,-0.87,0.0
72,1,-0.68,-0.87
72,2,-0.61,-0.7331422078489642
72,3,-0.69,-0.5916901408450705
72,4,-0.76,-0.9486282722513091
73,0,-0.74,0.0
73,1,-0.53,-0.74
73,2,-0.79,-2.8400000000000034
73,3,-0.36,-0.4454504504504506
73,4,-0.58,-0.7202368692070031
74,0,-0.73,0.0
74,1,-0.34,-0.73
74,2,-0.83,-0.535
74,3,-0.85,-0.5278048780487805
74,4,-0.74,-0.6675624024960999
75,0,-0.75,0.0
75,1,-0.69,-0.75
75,2,-0.67,-0.7420588235294118
75,3,-0.52,-0.7539999999999999
75,4,-0.55,-0.7946070460704606
76,0,-0.86,0.0
76,1,-0.59,-0.86
76,2,-0.6,-0.32868811881188104
76,3,-0.39,-0.4276923076923076
76,4,-0.57,-0.016712062256809324
77,0,-0.27,0.0
77,1,-0.69,-0.27
77,2,0.13,-0.7374721603563472
77,3,-0.81,-2.5279310344827577
77,4,-0.85,-0.22372320529420237
78,0,-0.74,0.0
78,1,-0.52,-0.74
78,2,-0.27,-0.6500839791187056
78,3,-0.72,-0.5134146341463415
78,4,-0.44,-0.7952354854251986
79,0,-0.83,0.0
79,1,-0.72,-0.83
79,2,-0.62,-0.7300250747420194
79,3,-0.59,-0.8383333333333332
79,4,-0.32,-0.438247539742619
80,0,-0.64,0.0
80,1,-0.53,-0.64
80,2,-0.8,-0.3770731707317074
80,3,-0.6,-0.6798142287051053
80,4,-0.7,-0.5830473313192346
81,0,-0.56,0.0
81,1,-0.56,-0.56
81,2,-0.44,-0.56
81,3,-0.8,-0.47613382899628254
81,4,-0.28,-0.5883013031342781
82,0,-0.8,0.0
82,1,-0.81,-0.8
82,2,-0.65,-0.805447090980086
82,3,-0.89,-0.8150000000000001
82,4,-0.75,-0.6248084156088387
83,0,-0.64,0.0
83,1,-0.63,-0.64
83,2,-0.62,-0.638203125
83,3,-0.77,-0.6417391304347826
83,4,-0.52,-0.8310708117443869
84,0,-0.94,0.0
84,1,-0.69,-0.94
84,2,-0.65,-0.6258105245318193
84,3,-0.44,-0.7006666666666665
84,4,-0.71,-0.5301328903654485
85,0,-0.65,0.0
85,1,-0.55,-0.65
85,2,-0.68,-0.5192307692307692
85,3,-0.75,-0.6181223628691985
85,4,-0.7,-0.6346671767406274
86,0,-0.39,0.0
86,1,-0.68,-0.39
86,2,-0.72,-0.6292500000000001
86,3,-0.69,-0.6345215485756026
86,4,-0.69,-0.3994994617868677
87,0,-0.57,0.0
87,1,-0.64,-0.57
87,2,-0.53,-0.5019646569646568
87,3,-0.5,-0.5499999999999996
87,4,-0.53,-0.03233333333333338
88,0,-0.61,0.0
88,1,-0.59,-0.61
88,2,-0.6,-0.6455369127516778
88,3,-0.66,-0.6136842105263157
88,4,-0.62,-0.5109556313993175
89,0,-0.4,0.0
89,1,-0.87,-0.4
89,2,-0.53,-1.1311111111111107
89,3,-0.48,-0.40314569536423833
89,4,-0.86,-0.355711318795431
90,0,-0.6,0.0
90,1,-0.68,-0.6
90,2,-0.64,-0.5839416467947819
90,3,-1.0,-0.5758490566037735
90,4,-0.69,-0.7093362271658528
91,0,-0.52,0.0
91,1,-0.69,-0.52
91,2,-0.56,-0.9411122661122658
91,3,-0.71,-0.24941176470588255
91,4,-0.89,-0.6029681274900398
92,0,-0.75,0.0
92,1,-0.69,-0.75
92,2,-0.76,-0.7357211538461539
92,3,-0.7,-0.6864646464646464
92,4,-0.44,-0.664651732269182
93,0,-0.72,0.0
93,1,-0.77,-0.72
93,2,-0.58,-0.7783044982698962
93,3,-0.58,-0.44937499999999997
93,4,-0.61,-0.756600361663653
94,0,-0.75,0.0
94,1,-0.54,-0.75
94,2,-0.69,-0.4185937500000001
94,3,-0.65,-0.7499368058215244
94,4,-0.67,-0.6339716583684413
95,0,-0.53,0.0
95,1,-0.59,-0.53
95,2,-0.28,-0.58352
95,3,-0.65,-0.09055555555555567
95,4,-0.84,-0.5123600311041993
96,0,-0.68,0.0
96,1,-0.4,-0.68
96,2,-0.85,-0.4087445346658341
96,3,-0.36,-0.9490000000000001
96,4,-0.53,-0.541292967518133
97,0,-0.93,0.0
97,1,-0.69,-0.93
97,2,-0.66,-9.929999999999994
97,3,-0.79,-6.975000000000039
97,4,-0.55,-0.6849662879837445
98,0,-0.51,0.0
98,1,-0.5,-0.51
98,2,-0.89,-0.4741176470588235
98,3,-0.52,-0.5657753111335352
98,4,-0.76,-0.863030608812647
99,0,-0.43,0.0
99,1,-0.79,-0.43
99,2,-0.69,-4.239999999999998
99,3,-0.48,-0.6699999999999995
99,4,-0.67,2.3964285714285802
